0 599818 600000 14 10 12 12 -1 -1
0 599816 599903 16 12 12 8 -1 -1
0 599815 599767 13 13 11 11 -1 -1
0 599814 599614 14 12 10 12 -1 -1
0 599813 599431 13 11 9 11 -1 -1
0 599727 599241 10 12 8 10 -1 -1
0 599701 598968 11 11 7 11 -1 -1
0 599606 598677 14 14 14 12 -1 -1
0 599542 598376 15 13 11 13 -1 -1
0 599461 597999 8 10 4 14 -1 -1
0 599314 597623 9 11 8 10 -1 -1
0 599312 597210 8 10 2 12 -1 -1
0 599115 596804 15 11 9 9 -1 -1
0 599112 596196 7 11 3 15 -1 -1
0 598960 595692 9 9 8 10 -1 -1
0 598959 595052 13 9 7 11 -1 -1
0 598626 594260 4 14 3 13 -1 -1
0 598594 593658 8 10 4 10 -1 -1
0 598326 593084 11 13 10 12 -1 -1
0 598325 592481 10 12 6 16 -1 -1
0 598269 591952 14 12 13 13 -1 -1
0 598246 591509 2 12 3 11 -1 -1
0 598177 591047 7 11 8 10 -1 -1
0 598172 590641 4 10 2 12 -1 -1
0 597861 590189 8 10 8 14 -1 -1
0 597861 589684 13 13 11 7 -1 -1
0 597780 589059 12 8 12 6 -1 -1
0 597773 588296 12 6 10 8 -1 -1
0 597709 587582 11 7 9 9 -1 -1
0 597708 587063 10 8 8 10 -1 -1
0 597610 586574 8 10 6 12 -1 -1
0 597585 586095 6 16 5 15 -1 -1
0 597357 585533 9 9 7 15 -1 -1
0 597356 584882 8 14 4 14 -1 -1
0 597290 584507 7 15 6 14 -1 -1
0 597278 584216 6 14 2 14 -1 -1
0 597237 583968 6 12 6 14 -1 -1
0 597236 583698 6 14 2 10 -1 -1
0 597203 583476 3 13 1 11 -1 -1
0 597194 583317 5 15 3 9 -1 -1
0 597158 583178 4 14 3 13 -1 -1
0 597157 583080 12 12 11 11 -1 -1
0 597143 582962 11 11 10 12 -1 -1
0 597142 582909 13 15 9 11 -1 -1
0 597124 582908 10 12 8 10 -1 -1
0 597121 582907 9 11 8 12 -1 -1
0 597115 582906 8 12 7 11 -1 -1
0 597115 582905 8 10 6 12 -1 -1
0 597099 582905 7 11 5 13 -1 -1
0 597098 582903 6 12 4 14 -1 -1
0 597086 582902 5 13 4 12 -1 -1
