0 599818 599903 2 14 4 16 -1 -1
0 599816 599767 4 16 5 15 -1 -1
0 599815 599614 0 12 6 14 -1 -1
0 599814 599431 6 14 7 13 -1 -1
0 599813 599241 2 10 10 10 -1 -1
0 599727 598968 1 13 2 14 -1 -1
0 599701 598677 2 14 8 12 -1 -1
0 599606 598376 5 15 5 13 -1 -1
0 599542 597999 3 9 4 10 -1 -1
0 599461 597623 4 10 5 11 -1 -1
0 599314 597210 2 12 8 14 -1 -1
0 599312 596804 5 13 6 14 -1 -1
0 599115 596196 3 15 9 13 -1 -1
0 599112 595692 7 13 11 9 -1 -1
0 598960 595052 3 13 9 11 -1 -1
0 598959 594260 1 11 7 13 -1 -1
0 598626 593658 8 14 12 14 -1 -1
0 598594 593084 3 11 7 15 -1 -1
0 598326 592481 5 11 6 12 -1 -1
0 598325 591952 9 13 15 11 -1 -1
0 598269 591509 10 10 11 11 -1 -1
0 598246 591047 11 9 13 11 -1 -1
0 598177 590641 7 15 9 13 -1 -1
0 598172 590189 8 12 10 10 -1 -1
0 597861 589684 12 14 14 12 -1 -1
0 597861 589059 6 14 10 14 -1 -1
0 597780 588296 9 13 10 12 -1 -1
0 597773 587582 9 11 11 9 -1 -1
0 597709 587063 7 13 11 13 -1 -1
0 597708 586574 6 12 7 11 -1 -1
0 597610 586095 10 12 12 14 -1 -1
0 597585 585533 11 11 13 9 -1 -1
0 597357 584882 10 10 16 12 -1 -1
0 597356 584507 11 9 12 10 -1 -1
0 597290 584216 7 11 8 10 -1 -1
0 597278 583968 8 10 9 11 -1 -1
0 597237 583698 9 11 9 13 -1 -1
0 597236 583476 9 13 13 13 -1 -1
0 597203 583317 14 12 15 13 -1 -1
0 597194 583178 13 9 14 10 -1 -1
0 597158 583080 12 10 14 12 -1 -1
0 597157 582962 10 14 14 14 -1 -1
0 597143 582909 11 13 12 12 -1 -1
0 597142 582908 12 14 13 15 -1 -1
0 597124 582907 12 12 12 14 -1 -1
0 597121 582906 12 14 12 16 -1 -1
0 597115 582905 12 16 12 14 -1 -1
0 597115 582905 12 14 12 16 -1 -1
0 597099 582903 12 16 12 14 -1 -1
0 597098 582902 13 13 13 9 -1 -1
1 597086 582901 12 14 13 13 -1 -1
